1,1302,0,7236,3174
2,6528,2,36960,28584
3,2619,0,18090,13437
4,6132,1,18072,14112
5,1299,0,4521,4029
6,678,0,6939,3687
7,1010,0,3284,2316
8,3480,0,16584,11384
9,3408,0,9678,6228
10,29646,5,96282,55512
11,7920,2,53880,27672
12,3627,1,21788,16588
13,4060,1,16260,10980
14,7267,1,28197,17927
15,243,0,4791,3480
16,10678,1,39653,27227
17,1079,1,27638,16393
18,1260,0,6354,4482
19,166,0,3310,2410
20,13170,3,48300,32340
21,328,0,7356,4116
22,952,0,17437,8701
23,3354,0,14772,8478
24,756,0,4608,2662
25,506,0,4722,2756
26,1992,0,9236,4716
27,962,0,4680,2484
28,8400,2,36384,27624
29,423,0,6783,3189
30,972,0,7083,4179
31,490,0,9480,6370
32,3045,0,13678,9548
33,560,0,9248,4412
34,954,0,5646,3708
35,25484,4,93150,48024
36,1968,0,13764,6948
37,828,0,20295,12951
38,3322,2,33220,25344
39,3696,0,13320,11360
40,508,0,3400,2962
41,5000,2,36780,22120
42,278,0,4412,2998
43,1124,0,3978,2470
44,16351,8,180276,87648
45,1188,0,5070,3804
46,2982,2,51408,24486
47,184,0,3282,2754
48,240,0,4402,2770
49,3879,0,18630,12600
50,4018,1,25802,17682
51,861,0,16086,9751
52,915,0,5082,4425
53,1132,0,3790,2432
54,31955,8,181770,94205
55,4018,1,28616,16618
56,708,0,9870,6870
57,3116,1,28975,20653
58,588,0,15435,7448
59,1776,1,25752,14400
60,1518,0,4500,3126
61,3016,2,66120,41992
62,20520,4,108810,64530
63,942,0,5916,4077
64,1032,0,6903,4167
65,3120,0,11988,6276
66,1230,0,7820,5040
67,3324,0,13698,7554
68,765,0,11845,7185
69,712,0,4894,2840
70,2781,2,57213,34047
71,28560,8,209664,121380
72,597,0,6726,3066
73,882,0,3054,2830
74,690,0,8920,5445
75,1188,0,7888,5344
76,7358,1,21255,15730
77,3064,0,17808,10576
78,3682,1,23898,20720
79,5346,2,43875,31347
80,1242,0,14670,6528
81,1101,0,5322,3705
82,6669,1,33782,22686
83,260,0,4602,2828
84,3840,1,35880,17895
85,19332,3,66312,45612
86,1449,0,5652,3498
87,1449,0,17352,12222
88,702,0,6390,3702
89,1064,0,8304,5168
90,6240,1,20592,18382
91,664,0,7824,5900
92,422,0,4752,2026
93,1002,0,7248,3993
94,2807,0,16499,8463
95,2958,0,13254,7314
96,1648,0,7520,4276
97,1722,0,15204,9212
98,1056,0,3278,2518
99,5018,1,23855,18785
100,24704,6,110080,89728
101,5863,1,24981,13992
102,669,0,6576,3378
103,1674,0,7020,3783
104,1058,0,3484,2130
105,1090,0,4130,2324
106,1155,0,8085,5065
107,2272,0,8944,5952
108,516,0,4472,2308
109,524,0,3900,2332
110,2717,1,25916,13838
111,1070,1,24790,11450
112,3608,0,19896,10064
113,3306,0,9048,7044
114,728,0,6784,5624
115,34242,7,132756,81744
116,438,0,5097,3339
117,2200,0,11575,5630
118,248,0,3136,2930
119,1014,0,10020,8076
120,1602,0,6279,3930
121,4059,0,18612,12132
122,1128,0,6768,3708
123,3354,1,21905,18902
124,1503,0,7383,4251
125,2090,0,7850,6850
126,1194,0,12366,7212
127,1380,0,5844,3825
128,236,0,4046,2836
129,622,0,4472,2504
130,1152,1,27156,12996
131,728,0,4668,2196
132,566,0,3390,2542
133,1924,0,9424,4184
134,630,0,4668,2552
135,5896,1,22968,14696
136,994,0,4188,2986
137,675,0,8890,7050
138,392,0,4430,2600
139,934,0,4450,2922
140,471,0,5532,3660
141,3798,0,15849,11898
142,8400,2,54936,32664
143,1344,0,5907,3120
144,526,0,3556,2178
145,26784,9,159264,115392
146,1570,0,10325,6735
147,766,0,3054,2046
148,485,0,10095,5530
149,3731,1,21827,14885
150,2770,0,10310,6190
151,1148,0,11613,8834
152,922,0,4160,2144
153,392,0,4112,2622
154,540,0,3812,2198
155,573,0,5766,4407
156,13392,2,64557,38583
157,4761,0,20097,10179
158,652,0,4586,2970
159,423,0,6336,4485
160,3735,0,13806,11133
161,1960,0,7824,5736
162,4125,1,18040,16247
163,692,0,4048,2678
164,1025,0,11560,6995
165,436,0,4852,2082
166,3107,1,20007,18603
167,4150,1,20160,10090
168,292,0,4664,2170
169,5480,2,33520,22620
170,6585,1,26340,17670
171,1028,0,4034,2760
172,585,0,5370,3279
173,342,0,3472,2846
174,1136,0,9716,4412
175,2720,0,9730,7440
176,1516,0,8620,4972
177,3195,0,19926,11970
178,393,0,7488,4266
179,1592,0,13480,8960
180,2992,1,30160,22464
181,4509,0,21474,10476
182,3685,1,22814,13178
183,5650,2,53625,28675
184,1281,0,4635,3435
185,740,0,10180,6210
186,2312,0,14600,8976
187,995,0,11195,5300
188,4716,0,15624,10674
189,4239,0,19242,9135
190,2055,1,33060,19170
191,3138,0,13014,6522
192,6846,2,42189,22050
193,13338,3,75962,44498
194,18620,3,79695,51100
195,363,0,6015,3342
196,2232,1,22380,16632
197,568,0,3832,2364
198,2124,0,9524,4896
199,1060,0,4416,2042
200,1695,0,7287,4302
